YA: -41.307775005698204 174.740800000727177
YB: -41.311548035591841 174.739206014201045
YC: -41.303005032241344 174.739506002515554
YE: -41.305698975920677 174.737321007996798
YF: -41.297892993316054 174.743972970172763
YG: -41.308080023154616 174.735442958772182
YH: -41.304910993203521 174.742514016106725
YI: -41.310410024598241 174.736976008862257
YJ: -41.306322002783418 174.744435986503959
YK: -41.308347992599010 174.745084997266531
